11
198 4
43277 85926 67461 72862 
13 2
27540 35977 
341 126
2310 19692 66431 29000 68165 4105 43070 24792 44119 89563 7337 20347 58013 56784 61447 12091 14836 35543 49397 91236 78504 84457 6067 19750 25010 7692 22436 49126 12710 85489 61071 67848 22584 86710 14780 30553 1748 22573 53654 46889 95907 75772 51085 74611 5364 60032 7179 92431 12380 90078 38255 71308 48060 72513 16991 98711 44657 63895 28734 48722 75715 45193 28840 51588 5833 87751 10858 43371 21654 94158 68469 5531 7386 3639 19563 17687 74441 86685 21145 61612 43382 31210 37193 51393 65594 34033 3737 23600 73279 67863 36129 23903 43737 20099 78848 48171 21734 23306 79023 8588 63250 99303 84051 84171 27539 21177 84023 25253 37249 47458 26655 78635 92745 80379 14633 9595 40966 44689 29940 53996 96614 45129 41301 65482 14686 28003 
2 42
4967 31577 20417 94531 33458 25309 28336 81648 18725 14231 56751 40238 91892 92753 46105 80121 75008 61729 3694 15822 22850 37448 57618 990 94927 80013 29076 15378 47713 28678 9816 32282 21110 63065 7988 18731 20070 73076 94929 4797 64189 59076 
70 7
46955 59038 39147 69450 12609 64693 51218 
221 21
2939 63931 18439 4511 58210 8930 59295 9653 71305 44632 7527 69314 68448 95958 55582 30788 66391 96568 62039 47015 42072 
595 87
11463 77955 47506 47594 53332 87934 27390 79080 54532 71031 12024 77214 76429 67847 6037 4097 20137 38177 14680 83310 95259 43921 21732 53101 66043 23656 15117 30988 33576 67658 76269 30121 87655 14381 27858 81981 19437 4061 78573 31969 31554 79101 83454 74538 48493 70489 14502 27503 56201 87682 20054 93378 76528 20235 15449 71947 41229 41320 75796 45935 53774 56164 88482 83624 31613 33320 25378 93688 65518 12966 45036 52270 81941 28662 971 46209 37648 64831 31462 35513 12009 69553 82947 17275 28288 58946 27870 
233 75
12612 72800 88769 98639 47390 88461 56514 25262 28283 95770 84370 60486 71385 15738 6489 63762 69606 83721 14044 53928 7574 17990 26943 13953 48126 73002 49723 16149 83716 96984 28073 20353 44501 72359 52542 26491 41182 1602 10642 34989 82027 77384 94158 58864 22883 67783 48463 72822 39377 67116 76529 61684 54594 38056 24361 50994 18886 82651 49919 19845 6552 18159 45297 29566 84936 89884 61363 68014 58815 62034 23855 75648 80620 95929 65203 
766 220
20730 91152 13423 41945 30359 12525 82842 16647 59852 5817 36565 10455 13161 94891 99534 29296 13275 47594 82935 76055 77959 43542 55938 72437 42794 80174 77010 67884 85942 39452 41210 2351 91210 80999 97422 71879 68029 32877 79512 48697 49625 93740 3927 41987 26969 27604 9565 47890 1328 49738 39323 51723 16532 28107 83482 94727 67173 27297 87947 30976 88523 31124 32596 92112 86128 42392 45623 74392 1451 88128 24788 77291 79661 27031 61699 82714 27496 11504 17996 4500 79972 44140 35111 96228 112 2043 61054 79952 49083 66494 98970 67325 38391 56756 99848 86819 7518 43813 8546 13442 42517 38663 81828 11403 97029 45221 95125 79310 16429 13700 55102 74290 33588 49751 99662 79581 64731 38707 49593 13516 80068 12929 77390 88799 97777 97704 18024 63549 79392 56880 24278 54917 13053 75811 66293 29791 31126 78242 85601 52328 63679 5669 81663 67582 64219 95298 73890 6543 99473 86303 87919 54559 55886 63677 1386 93067 20685 5684 29885 17645 16015 69004 50382 44060 86167 66467 87394 81631 77966 47250 13631 41821 39354 92093 64463 11519 99082 90301 81673 11485 66777 6262 62725 17954 41547 62321 5005 25748 89028 64562 54965 61680 51895 53023 81106 99138 412 73631 86502 13909 44778 60519 42817 84390 58670 2949 32477 73137 40992 85118 43852 91985 67043 80897 54843 35551 66599 68741 55518 73399 
49 30
13650 46198 75692 79600 85206 75200 5839 31203 51487 26840 89592 93232 65489 9618 64456 41777 4463 6779 98830 30959 73953 48584 57247 89403 50481 27227 76864 27350 31512 89548 
127 262
92322 12011 58891 38952 22991 8115 22452 15734 87523 88894 76223 1486 75844 10801 52734 70845 65042 88687 8262 77252 27299 95702 70843 53893 42979 50283 12500 26849 54368 85618 30680 51537 17907 66782 3497 83399 7005 65551 43873 34845 61212 51581 48532 7247 75999 77206 56732 19383 39400 92756 54010 35586 30505 66867 76083 4432 28055 18932 31870 96816 57924 64714 73022 999 57544 15712 37223 5853 7470 81208 56716 35053 87604 31370 69975 78903 98936 51927 36229 55898 83815 95841 38606 74177 44642 67596 45116 17556 27832 88279 84898 23480 63417 16414 11109 19417 30723 32905 7554 9610 66580 89376 80160 67311 60377 92192 58028 46364 17163 29485 42445 77608 24604 76862 64761 20962 40091 37601 35850 45139 89204 49845 59103 77658 24293 52156 968 93290 18674 38339 40608 93581 4381 79519 55023 85786 22911 13065 15749 43457 34384 35728 97433 43617 80749 39885 20600 73913 17625 41181 48973 2709 22402 27281 49961 30664 81058 28970 32287 73617 43204 83703 90194 24766 97721 53756 51287 82714 5110 32538 3628 25460 87087 38204 88423 9794 21091 97167 90450 27228 33562 77641 58281 44704 29856 7798 65398 82253 48009 82125 35483 7509 4318 17823 42100 34109 98645 28167 82448 74876 1226 64926 67137 3696 62904 36421 41576 93166 54702 44872 337 94961 98859 64783 97876 84786 79666 98236 5374 94208 18475 85308 17705 34938 82742 34037 89848 41949 98589 1373 52958 16435 59384 20870 28222 85612 30480 54267 10697 69669 93588 47819 25377 45340 18450 17253 88983 62530 39347 68646 75072 98119 29973 34587 79473 2887 67631 40008 26674 8973 13239 44984 
